0 0.126953125 0.318359375 0.02734375 0.04296875
0 0.263671875 0.26953125 0.06640625 0.0234375
0 0.54296875 0.236328125 0.2421875 0.10546875
0 0.814453125 0.2890625 0.07421875 0.09375
0 0.505859375 0.5390625 0.18359375 0.078125
0 0.794921875 0.572265625 0.15234375 0.12890625
0 0.333984375 0.76171875 0.11328125 0.078125
0 0.66796875 0.80859375 0.125 0.0625
0 0.126953125 0.498046875 0.12890625 0.09765625
0 0.779296875 0.08984375 0.15234375 0.0625
0 0.248046875 0.08203125 0.10546875 0.0703125
0 0.328125 0.44921875 0.078125 0.0703125
0 0.326171875 0.6484375 0.08984375 0.0625
0 0.181640625 0.75 0.07421875 0.0859375
0 0.56640625 0.6796875 0.0625 0.0703125
0 0.8203125 0.74609375 0.1484375 0.0859375
0 0.4921875 0.90234375 0.0859375 0.0625
0 0.34765625 0.9375 0.078125 0.0625
0 0.4765625 0.068359375 0.078125 0.07421875
0 0.375 0.19921875 0.046875 0.078125
